2
1
2
5
5
6
8
8
10
10
11
11
11
13
13
15
15
17
18
18
19
19
22
22
23
23
24
25
26
27
27
29
29
30
31
32
33
33
33
35
37
37
38
39
39
40
41
42
43
43
44
44
45
45
46
47
47
47
49
51
50
52
52
53
54
56
54
55
56
57
59
59
60
60
61
62
61
63
64
63
66
65
65
67
68
68
68
69
70
70
72
71
73
73
75
74
76
77
76
78
78
79
79
81
81
81
82
82
83
83
85
84
85
86
87
88
88
88
88
90
91
90
92
91
92
93
94
95
95
95
95
96
96
97
97
99
99
100
99
101
100
101
101
102
103
104
103
105
105
106
106
106
106
109
109
110
110
109
110
112
111
112
113
114
113
113
114
115
116
116
115
116
118
118
117
119
119
120
119
121
121
122
123
122
123
122
123
123
124
126
126
127
126
129
127
129
130
130
130
129
131
132
131
132
132
133
134
134
134
135
135
135
135
136
137
137
138
138
138
139
138
140
139
140
141
140
142
142
143
143
143
144
143
144
146
146
146
146
146
147
147
147
148
147
147
148
149
150
149
150
150
151
151
152
153
151
154
153
153
155
153
155
156
155
155
156
156
157
157
156
157
158
158
158
158
159
159
159
160
160
161
161
161
163
162
162
163
163
163
164
164
163
163
165
165
165
166
165
167
166
167
168
167
167
169
168
168
169
169
170
170
169
171
171
171
170
172
171
172
172
173
173
172
172
173
174
175
174
175
174
176
174
176
177
175
175
177
177
178
177
178
177
179
179
179
179
180
180
180
179
181
180
180
181
181
181
181
183
182
183
183
182
184
183
184
183
184
185
185
186
185
186
186
185
185
185
186
187
187
186
186
187
187
187
188
188
189
190
189
189
191
189
189
190
190
191
190
191
191
192
191
192
191
191
193
193
193
194
193
194
194
194
194
193
195
195
194
196
194
195
195
196
197
195
195
196
197
196
198
197
198
198
197
199
199
199
198
198
199
200
199
199
199
200
200
199
201
201
201
201
201
200
201
201
201
202
201
203
203
202
203
203
202
202
203
204
203
204
204
204
205
205
205
205
205
204
205
205
206
206
206
205
205
206
206
205
208
207
207
208
207
206
208
208
208
208
208
209
209
209
209
208
209
209
208
209
209
210
209
209
210
209
211
210
210
211
212
210
210
210
210
211
211
211
212
212
211
212
212
212
212
212
212
212
213
213
214
214
214
214
215
214
214
215
215
214
214
216
215
215
215
214
215
216
216
216
215
216
215
216
217
217
217
216
216
216
217
217
217
217
218
218
217
218
217
217
217
218
218
218
219
219
219
218
219
218
219
219
219
219
220
220
219
220
219
219
219
220
220
221
220
220
221
221
222
220
221
222
221
222
221
222
221
221
222
221
223
222
222
223
222
222
222
223
223
223
223
222
223
222
223
223
223
224
223
223
224
224
223
224
223
223
225
225
225
224
225
225
224
224
226
225
224
225
224
225
225
225
225
225
226
226
226
226
226
225
226
227
225
226
226
227
227
227
227
228
226
228
226
227
227
228
227
227
227
228
228
227
227
228
228
228
227
228
228
228
229
227
229
228
229
229
229
229
229
228
230
230
229
228
228
229
230
230
229
229
230
229
230
229
229
231
230
230
230
230
229
230
231
229
230
231
230
232
231
231
231
232
230
231
232
232
232
231
231
231
231
230
230
230
231
231
232
232
233
231
233
232
231
232
232
232
232
231
231
233
232
233
232
233
232
232
234
233
232
233
232
233
234
232
234
234
233
233
234
233
234
233
233
234
233
234
233
234
233
233
234
234
234
235
234
233
234
234
235
234
235
234
235
235
235
236
234
235
235
234
234
234
235
234
235
235
236
235
235
236
236
235
236
236
236
234
236
236
234
236
236
235
236
236
235
236
236
236
235
235
237
235
236
235
235
236
235
236
235
235
237
236
235
235
236
236
237
237
236
237
237
236
237
238
236
238
237
238
237
237
237
238
238
236
236
237
237
237
237
236
237
238
237
238
238
238
238
238
238
238
238
238
238
237
238
237
238
237
238
238
238
239
237
239
239
237
237
237
238
237
238
239
239
239
238
237
238
238
238
239
238
239
239
238
238
239
239
239
239
238
239
239
238
240
238
239
239
239
239
239
240
239
240
238
240
239
240
239
239
239
238
238
239
239
239
239
239
240
240
239
239
240
239
240
239
239
240
240
240
240
239
240
240
240
239
240
240
241
239
237
237
237
235
235
234
234
231
232
231
229
229
227
228
226
226
224
224
223
221
222
220
219
218
217
217
216
216
215
214
213
212
212
212
210
210
209
208
208
207
205
205
204
203
203
202
201
200
200
198
198
197
197
195
196
195
193
192
193
192
192
191
190
189
189
188
187
187
185
185
184
184
184
183
181
181
180
180
180
178
178
177
177
175
175
175
175
173
173
172
171
170
170
169
170
169
167
168
167
166
166
165
164
165
164
163
163
161
160
160
160
160
159
158
158
156
157
156
156
153
154
154
152
153
152
152
151
151
150
150
149
149
148
148
147
146
146
145
144
144
144
143
142
143
141
142
140
140
140
140
138
138
138
138
138
136
135
136
135
135
134
133
133
133
131
131
132
130
129
130
128
128
129
128
128
128
125
125
124
125
124
124
124
123
123
123
122
122
121
121
119
119
120
119
117
118
118
117
117
116
115
115
115
114
113
114
114
113
113
112
111
112
111
110
109
109
109
108
109
108
107
108
108
106
106
105
105
106
104
104
104
103
104
104
102
103
102
101
101
101
101
99
100
99
98
99
99
97
98
96
96
97
96
96
96
96
95
94
94
93
94
94
93
92
92
92
92
92
91
91
91
89
91
89
90
90
88
88
88
87
87
88
87
86
86
85
86
84
85
85
85
84
83
84
84
82
82
82
81
82
81
82
80
80
81
80
80
80
79
79
79
78
77
77
78
78
77
76
76
75
76
75
74
74
75
75
74
73
74
74
73
73
73
72
72
73
72
71
71
70
71
71
69
69
70
69
69
69
68
69
69
68
68
68
67
67
68
67
67
66
66
66
66
65
65
64
65
64
64
64
64
63
64
64
63
63
62
62
63
63
62
61
62
61
61
60
60
60
60
61
59
59
60
60
59
58
58
59
58
58
58
58
57
57
57
57
57
57
56
56
56
55
56
55
56
54
55
55
54
54
54
54
54
53
52
53
53
53
53
52
53
52
51
52
51
51
52
50
50
50
49
51
50
49
50
49
48
49
49
49
49
49
48
48
48
48
47
48
47
47
48
46
47
47
46
46
47
46
46
46
46
45
45
45
45
44
44
44
43
44
44
44
43
43
44
44
44
43
43
43
43
43
42
42
42
42
41
41
41
42
42
40
40
41
41
41
40
40
39
40
39
40
39
40
39
40
39
38
38
39
39
39
38
37
38
38
37
38
37
36
37
37
36
36
37
36
36
36
36
36
36
35
36
36
36
34
35
36
35
34
34
35
34
33
34
33
33
33
33
33
34
33
34
32
33
33
33
32
33
32
32
32
32
33
32
32
31
31
31
31
31
32
30
32
31
30
30
29
29
31
30
30
30
29
30
29
30
30
30
30
29
28
28
29
29
29
28
28
28
27
28
28
28
27
28
27
27
28
27
28
28
27
27
26
27
27
26
27
26
25
26
27
26
26
26
26
25
26
25
26
26
26
25
25
25
24
25
25
24
25
25
25
24
23
23
24
24
24
24
23
23
24
23
24
24
23
23
24
23
23
23
23
22
22
23
23
22
22
23
21
22
21
22
22
22
22
21
22
21
21
21
22
21
20
21
21
21
21
20
21
21
20
20
21
21
20
21
19
19
20
20
20
19
20
19
20
19
19
20
19
18
19
19
19
19
20
18
19
20
18
19
18
19
19
19
18
19
19
19
18
19
18
18
18
17
18
18
18
18
17
17
17
17
17
18
18
17
17
17
16
17
17
17
16
17
17
16
16
17
16
16
17
16
16
15
15
15
16
16
15
16
16
16
15
15
16
15
16
16
15
14
16
16
15
14
15
16
14
14
15
15
15
14
15
15
14
15
15
14
15
15
14
15
14
13
14
13
13
13
13
14
14
14
14
14
14
13
13
13
13
13
14
13
13
13
13
12
14
13
13
12
13
12
13
13
13
13
12
13
12
12
13
12
12
12
12
12
12
11
12
12
13
12
12
12
12
12
12
12
11
11
12
12
11
12
12
11
12
11
12
11
12
12
11
10
11
11
12
11
10
11
10
11
12
11
10
11
10
11
11
11
11
10
10
10
11
11
10
10
10
11
10
10
10
10
10
10
9
10
10
10
10
10
10
9
9
10
9
10
10
10
10
10
9
10
10
10
9
9
9
9
9
10
9
9
8
10
9
9
9
9
10
8
8
9
8
9
9
9
9
9
9
9
8
9
8
9
9
9
8
8
8
8
9
8
9
8
9
8
9
8
9
8
7
9
9
8
8
8
8
7
8
8
8
8
7
7
8
8
8
7
8
7
7
8
8
7
8
8
8
7
8
8
7
8
7
8
7
7
7
7
8
7
6
8
7
7
8
8
7
8
6
6
7
7
7
8
8
7
7
7
7
7
6
7
6
6
6
7
7
6
7
6
7
6
6
6
6
6
7
7
6
6
6
5
